"1",617.1,403.2
"2",621.45,408.6
"3",699.6,398.8
"4",706.5,398.3
"5",704.55,396.2
"6",704.1,395.1
"7",704.8,392.4
"8",705.6,392.45
"9",703.1,392.3
"10",705.6,392.3
"11",701.7,394.8
"12",706.2,396.4
"13",-999,-999
"14",-999,-999
"15",101.4,698.6
"16",112.1,626
"17",113.7,629.3
"18",112,626.2
"19",112,626
"20",114,624.9
"21",116.7,622.9
"22",113.6,624.9
"23",111.55,623.75
"24",107.6,622.3
"25",113.6,620
"26",112.95,619.25
"27",513.4,408.7
"28",554.2,384.1
"29",553.55,382.7
"30",551.6,382.5
"31",553.6,381
"32",553.25,382.15
"33",554.6,382.4
"34",557.3,383.9
"35",556.7,384.35
"36",553.1,383.3
"37",553.1,386.1
"38",458.15,352.25
"39",429,344.4
"40",428.3,346.6
"41",429.85,343.9
"42",431.1,342.6
"43",427.8,341.7
"44",428.7,340.6
"45",429,341.7
"46",423.8,337.4
"47",426.1,337.4
"48",423.1,338.1
"49",422.8,337.9
"50",789.6,255.3
"51",990.7,202.9
"52",996.5,198.3
"53",993.05,196.35
"54",992.3,195.3
"55",994,192.4
"56",989.3,193.85
"57",988.5,193.7
"58",986.4,194.6
"59",987.75,173
"60",989.6,120.9
"61",989.5,120.4
"62",988.15,120.35
"63",986,119.5
"64",986.3,115.2
"65",983.45,117.1
"66",984.3,116.8
"67",980.9,121.3
"68",520.3,331.55
"69",372.6,377.8
"70",365,381
"71",363.9,378.1
"72",361.2,380.5
"73",360.7,378.3
"74",360.85,381.55
"75",357.3,380.6
"76",358.7,386.3
"77",686.65,333.55
"78",880.2,282.9
"79",885.8,283.3
"80",884.25,282.25
"81",882.9,282.6
"82",884.5,283.4
"83",883.5,284.25
"84",884.8,284.4
"85",879.8,284.5
"86",878.45,286.3
"87",874.4,286.1
"88",873.3,287.3
"89",771.9,265.35
"90",622.9,245.4
"91",613.3,241.6
"92",608.1,244.45
"93",611.2,243.4
"94",610.7,241.7
"95",611.7,240.2
"96",608.4,241.3
"97",611.8,241.3
"98",604.8,348.55
"99",618.2,364.4
"100",618,363.4
"101",618.05,363.75
"102",618.5,365.2
"103",618.6,360
"104",616.35,361.8
"105",615.5,360.9
"106",615.2,357.1
"107",620,321.75
"108",621.1,286
"109",619.7,280.5
"110",617.8,280.45
"111",617,277
"112",618,276.3
"113",619.4,276.2
"114",614.3,277.1
"115",609.6,277.7
"116",607.35,277.85
"117",613.7,278.1
"118",608.5,278.5
"119",616.05,255.2
"120",617,257.6
"121",617.1,253.7
"122",618.05,252.5
"123",624.5,254
"124",623.4,251.6
"125",631.8,251.55
"126",630.2,250
"127",630.2,247.4
"128",631.95,246.8
"129",634.8,246.9
"130",635.9,247.5
"131",638.25,246.85
"132",636.7,247.1
"133",639.3,247.8
"134",644.75,246.2
"135",641.3,245.1
"136",651,246
"137",652.55,246.1
"138",652.4,240.2
"139",662.65,233.85
"140",680.1,223.3
"141",685.3,221.8
"142",682.45,219.9
"143",682.6,222.4
"144",683.3,222.2
"145",686,221.3
"146",687.1,222.35
"147",685.2,222.6
"148",688.5,221.45
"149",691.8,221.9
"150",688.7,222.3
"151",690.05,223.3
"152",694,223.7
"153",693.3,224.6
"154",693.3,225
"155",693.25,224.15
"156",695,222.5
"157",695.15,220.35
"158",694.6,218.3
"159",697.1,216.3
"160",699.45,213.7
"161",699.9,214.3
"162",701.5,211.2
"163",704,212.95
"164",705.6,213.7
"165",705.9,211.7
"166",706.75,210
"167",572.2,221.2
"168",470.6,231.3
"169",465.85,232.5
"170",468.4,234
"171",473,233.2
"172",473.7,231.6
"173",477,233
"174",484.7,234.4
"175",489.8,233.3
"176",493,235.1
"177",502.3,235.6
"178",504.1,236.2
"179",514.3,235.6
"180",558.7,244.8
"181",568.65,244.8
"182",571.6,245.3
"183",579.4,244.7
"184",585.85,246.2
"185",591.4,247.7
"186",597.5,247.4
"187",607.65,249
"188",616.6,252.5
"189",619.3,251.3
"190",624.55,252.7
"191",629.6,253.9
"192",634.7,258.2
"193",643.75,260.35
"194",651.8,262.9
"195",652.3,262.9
"196",658.65,263.5
"197",661.5,268
"198",666.6,269
"199",673.35,268.3
"200",675.7,268.5
"201",681.5,271.9
"202",688.7,272.55
"203",695.9,273.7
"204",701.3,275.7
"205",705,275.95
"206",709.2,275.1
"207",713.6,275.7
"208",718.05,273.15
"209",724.2,272.3
"210",732.6,270.1
"211",739.55,269.65
"212",740.9,268.4
"213",748.2,268.4
"214",769.35,271.4
"215",857.6,276.8
"216",869.7,276.9
"217",873.9,276.85
"218",882.5,276.4
"219",888.4,273.7
"220",900.85,273
"221",908.1,273.2
"222",915.2,273.2
"223",922.6,274.7
"224",933.4,274.2
"225",942.8,276
"226",875.2,281.55
"227",566.9,324.8
"228",550.7,330.9
"229",558.35,333.05
"230",564.3,334
"231",569.9,335.6
"232",580.8,336.85
"233",585.8,336.5
"234",592.5,337.8
"235",601.05,338.9
"236",771.7,262.9
"237",800.8,249.9
"238",798.7,250.2
"239",798.5,248.2
"240",799.8,248
"241",800.35,246.4
"242",803.6,245.6
"243",806.5,243.1
"244",811.15,240.95
"245",790.5,228.1
"246",787.3,223.9
"247",788.35,222.55
"248",794.4,220.1
"249",797.6,220.1
"250",802.1,218.4
"251",805.6,218.7
"252",809.4,219.2
"253",814.2,221.3
"254",816.2,222.1
"255",818.4,220.5
"256",820.45,221.8
"257",821.8,222.5
"258",825.9,223
"259",829.9,222.1
"260",837.1,221.8
"261",841.4,220.7
"262",847.85,218.55
"263",849,219.2
"264",853.8,217.3
"265",858.1,214.15
"266",864.2,214.5
"267",869.2,214.3
"268",874.55,214.1
"269",880.6,215.4
"270",886.5,215.2
"271",889.3,214.95
"272",892.4,213.9
"273",896.6,214.4
"274",900.05,213.55
"275",901.4,212.2
"276",907.3,211.4
"277",907.3,212.4
"278",568.6,237.8
"279",272.4,257.2
"280",266.3,257.85
"281",267,257.8
"282",268.8,260
"283",267.65,260.35
"284",272.4,258.5
"285",276.1,256.6
"286",278.85,253.85
"287",282.8,253.6
"288",286,249.9
"289",289.4,248.8
"290",293.4,248.6
"291",294.9,248.9
"292",279.35,317.05
"293",240.1,557.3
"294",245.9,565.3
"295",253.9,565.05
"296",258.7,562.6
"297",264,561.2
"298",261.95,558.65
"299",250.2,548
"300",233.2,543.3
"301",226.8,542.6
"302",229,543.1
"303",236,541.7
"304",247.25,532
"305",270.2,534.8
"306",552.3,412.3
"307",564.4,417.85
"308",550.2,420
"309",537.8,424.8
"310",536.95,434.55
"311",542.3,439.7
"312",555.3,448.4
"313",568.2,454.4
"314",600.5,462.1
"315",-999,-999
"316",-999,-999
"317",-999,-999
"318",-999,-999
"319",-999,-999
"320",-999,-999
"321",-999,-999
"322",-999,-999
"323",-999,-999
"324",-999,-999
"325",-999,-999
"326",-999,-999
"327",-999,-999
"328",-999,-999
"329",-999,-999
"330",-999,-999
"331",-999,-999
"332",-999,-999
"333",-999,-999
"334",-999,-999
"335",-999,-999
"336",-999,-999
"337",-999,-999
"338",-999,-999
"339",-999,-999
"340",-999,-999
"341",-999,-999
"342",-999,-999
"343",-999,-999
"344",-999,-999
"345",-999,-999
"346",-999,-999
"347",-999,-999
"348",-999,-999
"349",-999,-999
"350",-999,-999
"351",-999,-999
"352",-999,-999
"353",-999,-999
"354",-999,-999
"355",-999,-999
"356",-999,-999
"357",-999,-999
"358",-999,-999
"359",-999,-999
"360",-999,-999
"361",-999,-999
"362",-999,-999
"363",-999,-999
"364",-999,-999
"365",-999,-999
"366",-999,-999
"367",-999,-999
"368",-999,-999
"369",-999,-999
"370",-999,-999
"371",-999,-999
"372",96.9,-999
"373",57.8,-999
"374",29.35,-999
"375",-999,-999
"376",-999,-999
"377",-999,-999
"378",-999,-999
"379",-999,-999
"380",-999,-999
"381",-999,-999
"382",-999,-999
"383",-999,-999
"384",-999,-999
"385",-999,-999
"386",642.8,563
"387",642.1,567
"388",644.05,570.95
"389",-999,-999
"390",-999,-999
"391",-999,-999
"392",-999,-999
"393",-999,-999
"394",-999,-999
"395",1002.6,387.7
"396",1031.9,390.8
"397",1034,386.1
"398",1039.5,381
"399",1038.7,376.1
"400",1038.3,371.9
"401",1034.9,366.2
"402",1031.6,364.9
"403",1031.2,363.05
"404",1030.7,362.1
"405",1024.9,360.3
"406",966.65,322.1
"407",965.5,322.5
"408",963.5,322.4
"409",964.85,322.25
"410",964.7,322.7
"411",965,322.2
"412",962.15,320.2
"413",962.3,318
"414",958.8,320.7
"415",954.4,319.4
"416",949.3,319.4
"417",943.2,318.8
"418",932.6,318.45
"419",923.9,316.5
"420",915.4,316.4
"421",866.4,300.7
"422",473.6,235.5
"423",448.4,225.6
"424",442.05,226.5
"425",441.3,221
"426",441.7,218.7
"427",-999,485.25
"428",-999,-999
"429",-999,-999
"430",-999,-999
"431",-999,-999
"432",-999,-999
"433",-999,-999
"434",-999,-999
"435",-999,-999
"436",-999,-999
"437",-999,-999
"438",-999,-999
"439",-999,-999
"440",-999,-999
"441",-999,-999
"442",-999,-999
"443",-999,-999
"444",-999,-999
"445",-999,-999
"446",-999,-999
"447",-999,-999
"448",-999,-999
"449",-999,-999
"450",-999,-999
"451",-999,-999
"452",-999,-999
"453",-999,-999
"454",-999,-999
"455",-999,-999
"456",-999,-999
"457",-999,-999
"458",-999,-999
"459",-999,-999
"460",-999,-999
"461",-999,-999
"462",-999,-999
"463",-999,-999
"464",-999,-999
"465",-999,-999
"466",-999,-999
"467",-999,-999
"468",-999,-999
"469",-999,-999
"470",-999,-999
"471",-999,-999
"472",-999,-999
"473",-999,-999
"474",-999,-999
"475",-999,-999
"476",-999,-999
"477",-999,-999
"478",-999,-999
"479",-999,-999
"480",-999,-999
"481",-999,-999
"482",-999,-999
"483",-999,-999
"484",-999,-999
"485",-999,-999
"486",-999,-999
"487",-999,-999
"488",-999,-999
"489",-999,-999
"490",-999,-999
"491",-999,-999
"492",-999,-999
"493",-999,-999
"494",-999,-999
"495",-999,-999
"496",-999,-999
"497",-999,-999
"498",-999,-999
"499",-999,-999
"500",-999,-999
"501",-999,-999
"502",-999,-999
"503",-999,-999
"504",-999,-999
"505",-999,-999
"506",-999,-999
"507",-999,-999
"508",-999,-999
"509",-999,-999
"510",-999,-999
"511",-999,-999
"512",-999,-999
"513",-999,-999
"514",-999,-999
"515",-999,-999
"516",-999,-999
"517",-999,-999
"518",-999,-999
"519",-999,-999
"520",-999,-999
"521",-999,-999
"522",-999,-999
"523",-999,-999
"524",-999,-999
"525",-999,-999
"526",-999,-999
"527",-999,-999
"528",-999,-999
"529",-999,-999
"530",-999,-999
"531",-999,-999
"532",-999,-999
"533",-999,-999
"534",-999,-999
"535",-999,-999
"536",-999,-999
"537",-999,-999
"538",-999,-999
"539",-999,-999
"540",-999,-999
"541",-999,-999
"542",-999,-999
"543",-999,-999
"544",-999,-999
"545",-999,-999
"546",-999,-999
"547",-999,-999
"548",-999,-999
"549",-999,-999
"550",-999,-999
"551",-999,-999
"552",-999,-999
"553",-999,-999
"554",-999,-999
"555",-999,-999
"556",-999,-999
"557",-999,-999
"558",-999,-999
"559",-999,-999
"560",-999,-999
"561",-999,-999
"562",-999,-999
"563",-999,-999
"564",-999,-999
"565",-999,-999
"566",-999,-999
"567",-999,-999
"568",-999,-999
"569",-999,-999
"570",-999,-999
"571",-999,-999
"572",-999,-999
"573",-999,-999
"574",-999,-999
"575",-999,-999
"576",-999,-999
"577",-999,-999
"578",-999,-999
"579",-999,-999
"580",-999,-999
"581",-999,-999
"582",-999,-999
"583",-999,-999
"584",-999,-999
"585",-999,-999
"586",-999,-999
"587",-999,-999
"588",-999,-999
"589",-999,-999
"590",-999,-999
"591",-999,-999
"592",-999,-999
"593",-999,-999
"594",-999,-999
"595",-999,-999
"596",-999,-999
"597",-999,-999
"598",-999,-999
"599",-999,-999
"600",-999,-999
"601",-999,-999
"602",-999,-999
"603",-999,-999
"604",-999,-999
"605",-999,-999
"606",-999,-999
"607",816.3,339.4
"608",815.1,354.9
"609",812,356.1
"610",807.4,357.5
"611",804.7,357.3
"612",802.2,353.9
"613",798.8,353.8
"614",797.1,351.5
"615",796.4,351.1
"616",795.8,348.8
"617",795.6,352.8
"618",794.7,353.7
"619",792.2,354.6
"620",499.4,548.45
"621",323.2,593.6
"622",318.2,593.3
"623",317.6,592.75
"624",319.2,589.1
"625",318.9,587.6
"626",319.4,587.45
"627",318.1,586.3
"628",317.9,583.6
"629",318.35,581.95
"630",317.9,582.6
"631",315.3,580.5
"632",315,577.8
"633",315.7,575.3
"634",317.3,574.2
"635",320.15,573.1
"636",321.4,570.3
"637",322.2,569
"638",321.05,566.8
"639",316.9,561.9
"640",315.3,559.7
"641",315.2,556.3
"642",315.1,556.3
"643",315.3,554.9
"644",401,561.7
"645",967,571.8
"646",1042,575.2
"647",1041.35,578.65
"648",1040.5,580
"649",1037.7,580.4
"650",1030.75,578.25
"651",1021.6,577.1
"652",1013.7,577.1
"653",1001.15,578.55
"654",932.2,544.4
"655",718.6,415.4
"656",700.25,406.3
"657",698.2,406.2
"658",694,406.2
"659",690.5,405.95
"660",686.6,401.9
"661",684.1,399.2
"662",682.9,395
"663",681.5,394.9
"664",680.3,395
"665",676.25,394.65
"666",673.8,396
"667",670.3,392.5
"668",674.65,388.75
"669",738.1,374.8
"670",739.3,373.6
"671",738.85,369.7
"672",742.3,368.7
"673",742.4,368.7
"674",738.75,365.65
"675",738.2,363.6
"676",734.6,364.2
"677",731.4,366
"678",701.2,386.2
"679",333.7,569.8
"680",314.2,582.1
"681",313.6,583.6
"682",312.5,583.4
"683",310.1,583.05
"684",306.6,583.5
"685",305.6,583.2
"686",305.6,579.9
"687",306,579.6
"688",305.3,573.3
"689",302.55,571.2
"690",296.6,568.7
"691",295.2,566
"692",289.55,565.2
"693",284.3,566.1
"694",281.4,564.5
"695",276.55,561
"696",352.9,451.6
"697",353.1,449.6
"698",346.65,446.2
"699",343.4,445.7
"700",339.1,442.5
"701",337.7,441.4
"702",333.4,440.6
"703",328.1,439.3
"704",323.4,436.8
"705",318.9,434.9
"706",314.7,434
"707",312.4,432.9
"708",309.7,434.8
"709",303.9,434.2
"710",296.2,434.75
"711",292.7,435.3
"712",287.2,436.7
"713",282.8,440.05
"714",263.6,482.8
"715",227.6,586
"716",226.8,589.55
"717",226.9,586
"718",225.4,586.4
"719",225.65,587.55
"720",225.1,585.9
"721",224.4,580.4
"722",224.45,578
"723",223.3,577.4
"724",222.8,581.2
"725",221.8,580.05
"726",221.9,579.5
"727",217.8,580.1
"728",215.8,582
"729",212.9,581.2
"730",209,583.2
"731",280.95,529.65
"732",479.2,364.3
"733",483.6,359.2
"734",486.95,361.05
"735",483.1,359.1
"736",484.4,357
"737",478.35,356.45
"738",475.3,349.3
"739",472,346.1
"740",471,347.55
"741",469.1,347.7
"742",467.5,348.8
"743",664.15,491.55
"744",761.2,560.6
"745",758.3,564
"746",754.35,566.55
"747",754.9,568
"748",751.8,570.7
"749",748.4,571.35
"750",744,572.3
"751",740.5,570.6
"752",737.8,569.95
"753",734.6,568.6
"754",729.8,567.8
"755",725.8,565.65
"756",722.9,565.1
"757",719.4,565
"758",716,565.05
"759",712.4,565.3
"760",706.8,564.6
"761",702.75,565.55
"762",699,568
"763",696,569.2
"764",696.15,569
"765",696.6,568.2
"766",697.4,573.5
"767",714.75,619.25
"768",714.9,618.9
"769",713.9,616.9
"770",711.55,611.05
"771",711.8,608.7
"772",712,604.3
"773",715.2,604.35
"774",715.7,603.1
"775",717.3,601.5
"776",718.85,604.5
"777",717.3,605.9
"778",717.5,605.6
"779",968.45,591.25
"780",994.4,592.8
"781",989.6,593.1
"782",983.5,592.4
"783",981.1,591.3
"784",978.6,591.5
"785",976.6,589.4
"786",972.5,586.5
"787",967.6,587.5
"788",960.3,589.1
"789",959.2,586.7
"790",959,581.5
"791",956.85,583.3
"792",952.2,583.7
"793",947.6,587.6
"794",945.65,585.25
"795",760,582.4
"796",738.4,580.9
"797",736.95,580.85
"798",736.9,579.5
"799",734.3,578.7
"800",734.3,577
"801",735.8,575.6
"802",736.6,573.1
"803",733.95,571.1
"804",731.3,571.9
"805",729,573.1
"806",730.1,573.95
"807",732.2,572.8
"808",728.7,576.8
"809",727.55,575.2
"810",723.1,577.5
"811",719.5,577.2
"812",717.65,577.5
"813",712.5,577.8
"814",711.1,575
"815",707.85,573.25
"816",705.9,570.4
"817",705.6,569.8
"818",706.05,569.35
"819",702.9,567.1
"820",702.9,567.7
"821",703.05,565.45
"822",704.6,565
"823",778.4,557.8
"824",781.7,558.4
"825",782.2,559
"826",780.6,562.4
"827",776.6,562
"828",771.3,562.5
"829",768.4,559.6
"830",765.8,556.55
"831",761.7,554.3
"832",758.4,552.5
"833",757.35,551
"834",756.3,544.9
"835",674.7,314.5
"836",656.9,293.4
"837",657.3,291.6
"838",656,293.3
"839",654.4,293.9
"840",649.8,295.4
"841",643.1,294.7
"842",639,296.6
"843",638,297.2
"844",634.3,298.6
"845",632.05,298.85
"846",627.3,299.5
"847",618.9,300.2
"848",614.8,301.35
"849",611,299
"850",608.7,300.3
"851",608.75,298
"852",606.7,298.4
"853",625.9,331.3
"854",750.45,558.65
"855",754.2,569.5
"856",753.7,567.6
"857",752.55,568.1
"858",755.8,565.1
"859",755.6,568.1
"860",750.3,570.45
"861",750.3,570.5
"862",743.8,573.2
"863",744.8,571.3
"864",741.8,569.8
"865",737.6,567.9
"866",736.25,565.3
"867",734.2,561.2
"868",731.6,562.6
"869",731.3,556.1
"870",726,557.6
"871",725.3,558.4
"872",721,562.5
"873",716.6,564
"874",713.3,565.9
"875",711.05,566.25
"876",708.1,567.1
"877",687.4,598.4
"878",675,627.5
"879",668.9,627.5
"880",668.7,625.9
"881",662.05,625.05
"882",657.8,623.8
"883",659.55,622.5
"884",659.4,616.5
"885",660.2,614.3
"886",660.5,611.7
"887",661,607.8
"888",662.8,605.8
"889",663.8,605.3
"890",666.5,604.4
"891",669.6,604.2
"892",670.15,605.25
"893",671.6,603.6
"894",670.7,601.6
"895",673.7,600.6
"896",674.5,596
"897",674.5,594.8
"898",672.8,594.05
"899",672.3,586.5
"900",669.4,583.3
"901",707.45,370.9
"902",703.8,364.8
"903",702.3,363.7
"904",699.5,363.2
"905",695.5,363.2
"906",692.6,361.1
"907",683.4,362.15
"908",677.4,362.3
"909",673.9,361.2
"910",654.5,287.3
"911",653.2,291.6
"912",646.6,291
"913",643.35,289.55
"914",643.7,285.5
"915",642.05,286.8
"916",638.4,280.7
"917",632.8,283.6
"918",631.2,281.1
"919",630.5,280.45
"920",627.1,280
"921",633.7,341
"922",695.85,636.9
"923",693.3,643.8
"924",688.1,640.5
"925",684.9,637.6
"926",684.7,636.5
"927",682.2,635.8
"928",680.45,635.95
"929",680,634.4
"930",678.1,634.4
"931",676.6,631.65
"932",676.5,630.9
"933",674.8,628
"934",673.85,623.45
"935",669.4,620.9
"936",735.2,539.85
"937",730.7,529.9
"938",730.1,525.3
"939",726.4,529.4
"940",721.2,530.1
"941",716.8,529.2
"942",714.5,530.1
"943",711.95,533.25
"944",709.9,532.9
"945",706.8,532.1
"946",708.1,530
"947",705.2,529.7
"948",704.4,525.7
"949",701.8,526.3
"950",700.7,525.6
"951",700.5,524.5
"952",367.5,554.5
"953",259.5,558.3
"954",259.5,564.3
"955",257.2,564.65
"956",256.1,564
"957",251.3,564.9
"958",252.45,567.4
"959",253,567.7
"960",250.7,566.6
"961",250.9,566.15
"962",249.8,568.8
"963",246.2,563.3
"964",246.45,559.8
"965",246.3,559.3
"966",245.35,558.55
"967",244.9,555.4
"968",245.7,554.1
"969",246.5,553.9
"970",247.1,556.5
"971",249.7,556.4
"972",387.25,466.35
"973",398.4,463.9
"974",393.1,464.4
"975",391.25,468.3
"976",388.3,467.5
"977",382.5,466.6
"978",383.9,465.2
"979",382.65,466.85
"980",379.8,464.4
"981",374.5,460.7
"982",374.85,459.05
"983",372.3,453.8
"984",400.25,443.25
"985",458.1,403.3
"986",455.5,401.4
"987",455.2,403.2
"988",454,402.85
"989",456.6,404.4
"990",456.05,405.5
"991",458.5,405.9
"992",459.9,411.4
"993",458.3,411.8
"994",455.85,408.15
"995",451.5,405
"996",448,404
"997",444.8,404.9
"998",348.3,509.6
"999",341.3,515.1
"1000",338.65,511.05
"1001",338.6,508.3
"1002",338.3,509.7
"1003",337.2,509.8
"1004",331.6,510.8
"1005",330.7,511
"1006",330.7,511.8
"1007",329.6,512
"1008",327.8,512.2
"1009",326.25,510.75
"1010",323.3,507.8
"1011",321.7,506.5
"1012",319.3,501.9
"1013",318.6,501.7
"1014",319.9,503.5
"1015",316.4,503.15
"1016",318.6,501.4
"1017",384.15,511.3
"1018",741.3,576.4
"1019",752.2,577
"1020",746.1,576.1
"1021",744.8,577.3
"1022",742.1,577.7
"1023",739.1,578.9
"1024",736.7,580.85
"1025",732.3,580.3
"1026",730.6,581.2
"1027",730.85,578.9
"1028",731.9,578
"1029",728.7,576.9
"1030",724.45,575.25
"1031",723.6,570.9
"1032",722,567.45
"1033",721.6,566.2
"1034",721.1,564.4
"1035",719.6,564.6
"1036",718.5,564.55
"1037",800.6,578.5
"1038",805.1,581.6
"1039",805.4,584.4
"1040",804.9,584.8
"1041",803,583.7
"1042",800.6,585.25
"1043",800.2,583.7
"1044",800.3,581.2
"1045",800.7,574.85
"1046",800.1,568.4
"1047",798.6,562.8
"1048",797.9,562.3
"1049",796.3,559.1
"1050",794.4,555.2
"1051",793.75,556.2
"1052",793.1,555.3
"1053",791.2,502.1
"1054",786.85,502.45
"1055",784.4,501
"1056",783.6,502.8
"1057",783.45,501.2
"1058",781.6,502.5
"1059",783,501.7
"1060",784.95,498.2
"1061",782.5,498
"1062",777.8,498
"1063",777.4,499.35
"1064",779.9,493.4
"1065",778.2,491.4
"1066",777.85,491.2
"1067",775.7,490.3
"1068",773.3,488.4
"1069",768.1,493.9
"1070",764.7,497.9
"1071",686.5,585.7
"1072",678.5,590.95
"1073",678.4,589.2
"1074",674.5,587.3
"1075",675.3,588.7
"1076",674.6,588.1
"1077",675.05,588.5
"1078",675.2,585.5
"1079",673.3,585.2
"1080",670.45,582.75
"1081",668.8,579.6
"1082",664,579.3
"1083",659.5,575.6
"1084",653.7,574.2
"1085",652.5,570.5
"1086",648.35,571.9
"1087",641.4,572.3
"1088",637.1,567.7
"1089",751.9,631.4
"1090",760.55,635.25
"1091",746.1,633.9
"1092",736.7,629.35
"1093",722.8,628.7
"1094",717.1,625.3
"1095",710.3,624
"1096",705.8,620
"1097",703.3,618.9
"1098",703,616.1
"1099",699.4,614.25
"1100",697,609
"1101",617.1,510
"1102",599.7,508.5
"1103",595.1,505.4
"1104",589.6,504.95
"1105",587.3,507.7
"1106",584,506.2
"1107",581.75,509.25
"1108",580.9,507.9
"1109",578.9,503.5
"1110",575.9,502.9
"1111",575.8,502.8
"1112",572.6,499.2
"1113",571.85,497.4
"1114",572.9,495.4
"1115",572.7,494.1
"1116",571,494.4
"1117",570.8,494
"1118",570.6,495.4
"1119",565.55,496.05
"1120",565.1,498.7
"1121",562.7,501.2
"1122",557.9,504
"1123",558.3,506.1
"1124",554.8,507.5
"1125",553.1,505.55
"1126",551.6,507.1
"1127",536.4,503.7
"1128",438.1,538.7
"1129",432.45,536.85
"1130",429,536.4
"1131",427.2,532.8
"1132",427.3,528.3
"1133",425.1,527.3
"1134",423.8,527.55
"1135",419,529.4
"1136",413.6,529.4
"1137",408.6,530.05
"1138",407.3,531
"1139",404,531.8
"1140",400.3,533.6
"1141",397.6,532.7
"1142",390.7,528.5
"1143",386.3,527.5
"1144",381.6,521.4
"1145",378.8,519.6
"1146",376.05,517.4
"1147",375.1,515.8
"1148",371.4,515
"1149",367.55,510.6
"1150",359.4,511.8
"1151",359.7,511.3
"1152",356.85,509.8
"1153",355.8,508.5
"1154",355.3,508.4
"1155",354.2,507.15
"1156",332.2,387.9
"1157",323.8,376
"1158",322.2,369.5
"1159",322.6,368.9
"1160",324.9,367.1
"1161",326.8,362.9
"1162",327.2,360.9
"1163",328.3,359.9
"1164",270.9,366.8
"1165",265.7,361.1
"1166",267.1,361.4
"1167",265.85,361.1
"1168",265,358.1
"1169",266.9,360.3
"1170",269.6,362
"1171",269.1,364.2
"1172",271,366.5
"1173",273.6,370.15
"1174",277.1,368.5
"1175",278.7,366.2
"1176",281.1,370
"1177",281.15,364.8
"1178",280.1,363.3
"1179",279,357.7
"1180",279.7,355.5
"1181",283.9,360.8
"1182",285.45,362.85
"1183",286.9,365.3
"1184",289.8,363.3
"1185",296.3,426.3
"1186",-999,-999
"1187",-999,-999
"1188",-999,-999
"1189",-999,675.3
"1190",818.9,567.2
"1191",811.1,570.8
"1192",805.55,567.55
"1193",803.3,565.3
"1194",797.45,568.55
"1195",789.2,571.1
"1196",785.3,568.1
"1197",779.6,567.95
"1198",774.7,568
"1199",775.5,567.2
"1200",777.2,568.25
"1201",774,568.7
"1202",774.6,569.5
"1203",775.1,573
"1204",772.75,575.4
"1205",767.1,576.9
"1206",765.45,576.8
"1207",762.5,575.2
"1208",762.9,576.4
"1209",762.25,572.05
"1210",757.6,572.7
"1211",754.3,574
"1212",752,572.3
"1213",751.7,569.7
"1214",745.5,571.4
"1215",747.8,567.8
"1216",744.7,570.4
"1217",746.7,570.7
"1218",746.2,571.9
"1219",744.4,572.15
"1220",741.1,571.3
"1221",723,547.5
"1222",527.75,279.05
"1223",502.9,265.5
"1224",499.9,264.8
"1225",495.6,265.05
"1226",499,264.4
"1227",500.2,263.8
"1228",502.6,260.6
"1229",500.5,258.4
"1230",504.6,247.8
"1231",547.6,214.6
"1232",548.1,215.1
"1233",546.2,214.9
"1234",546.6,213.9
"1235",548.7,212.5
"1236",550.3,212.4
"1237",552.65,215.05
"1238",555.7,215.75
"1239",556.6,219.5
"1240",559.7,219.8
"1241",560.75,223.75
"1242",565,223.7
"1243",571.1,226.7
"1244",573.2,230.45
"1245",579.5,227.9
"1246",581.4,229.1
"1247",584.5,231.6
"1248",587.75,233.95
"1249",588.6,235.2
"1250",588.95,238.9
"1251",591,235.4
"1252",591.8,237.7
"1253",591.4,240
"1254",590.6,239.2
"1255",591.1,243.2
"1256",590.8,240.1
"1257",589,239.5
"1258",592.3,240.4
"1259",592.9,241.7
"1260",592.5,243.7
"1261",590.7,244.4
"1262",587.8,245.35
"1263",576.7,192.3
"1264",569.1,186.9
"1265",572.05,187.3
"1266",570.2,183.6
"1267",570.1,187
"1268",573.5,185.35
"1269",568.7,185
"1270",569.8,185.6
"1271",564.15,185.85
"1272",563.7,191.3
"1273",556,192.6
"1274",555.4,196.75
"1275",534.6,202.3
"1276",452.5,233
"1277",444,234.7
"1278",441.6,235.2
"1279",440.1,238.7
"1280",435.3,244.85
"1281",430.6,244.8
"1282",430.8,242.8
"1283",428.3,242.5
"1284",425.2,247.6
"1285",422.4,244.7
"1286",417.15,244.8
"1287",417.1,248.2
"1288",417,251.7
"1289",418.4,255
"1290",419.7,257.2
"1291",416.7,256.9
"1292",415.3,261.25
"1293",417.3,260.9
"1294",415.7,259.5
"1295",417.85,262.35
"1296",417.1,260.6
"1297",435.4,293.4
"1298",436.05,293.3
"1299",433.7,289
"1300",431.3,288.3
"1301",427.3,286.85
"1302",420.8,284.6
"1303",414.7,283.2
"1304",385.6,265.65
"1305",379.9,269
"1306",374.8,268.7
"1307",369.65,263.1
"1308",365.1,262.6
"1309",357,263.2
"1310",349.4,260.95
"1311",341.3,259.1
"1312",335.6,259.3
"1313",325.9,270.2
"1314",286.3,325.9
"1315",280.5,326.8
"1316",276.4,323.75
"1317",273.3,319.7
"1318",272,324.1
"1319",269.05,320.8
"1320",265.3,323.4
"1321",261.2,320.4
"1322",259.3,318.3
"1323",294.4,345.5
"1324",596.7,553.6
"1325",603.15,565.7
"1326",604.6,566.7
"1327",606.4,568.5
"1328",608,566.8
"1329",607.8,567.1
"1330",606.2,567.6
"1331",607.8,568.85
"1332",607.7,569.3
"1333",603.2,566.7
"1334",343.85,354.7
"1335",257.9,304
"1336",254.4,299.7
"1337",250.65,293.15
"1338",253.3,290.8
"1339",255,294
"1340",256,291.5
"1341",256.4,288.6
"1342",260.7,287.3
"1343",260.4,285.45
"1344",261.3,284.4
"1345",259.6,284.7
"1346",257.4,283.05
"1347",253.9,281.5
"1348",253.7,284.1
"1349",253.7,284.1
"1350",251.6,283.5
"1351",251.8,285.9
"1352",445.5,329.95
"1353",533.4,345.7
"1354",529.2,349.7
"1355",525.7,350.75
"1356",521.5,350.8
"1357",519.2,349.6
"1358",515.95,351.3
"1359",515.8,350.2
"1360",538.5,390.5
"1361",562.2,438.7
"1362",562,436.7
"1363",561.9,439.3
"1364",563.2,438.2
"1365",562.6,441.7
"1366",559.6,440.1
"1367",559.1,439.3
"1368",554.1,434.4
"1369",552.7,435.5
"1370",552,436.5
"1371",551.9,434.6
"1372",549.1,434.4
"1373",550.15,433.5
"1374",571.9,390
"1375",573.2,375.9
"1376",574.1,372.85
"1377",576.7,372.7
"1378",576.9,370.4
"1379",576.6,369
"1380",577.3,367.1
"1381",572,368.4
"1382",569.65,364.25
"1383",570.4,366.1
"1384",567.3,365.5
"1385",565.1,361
"1386",565.4,362.5
"1387",563.7,361.5
"1388",561.25,365.95
"1389",560.5,360.3
"1390",580.4,256.7
"1391",571.1,251.95
"1392",566.6,249.6
"1393",564.7,248.4
"1394",562.75,247.5
"1395",561.2,248.6
"1396",561.8,249.8
"1397",564.65,248.9
"1398",563,251.4
"1399",563.5,248.3
"1400",595.35,220.6
"1401",597.4,220.6
"1402",595.5,220.3
"1403",594.15,219.85
"1404",591.1,220.4
"1405",588.3,220.2
"1406",587.65,216.3
"1407",590.7,214.1
"1408",591.3,215.6
"1409",592.85,213.6
"1410",589.5,209.5
"1411",586.9,208.3
"1412",586.45,211
"1413",586.7,144
"1414",581.1,104.3
"1415",580.9,99.15
"1416",580.7,101
"1417",583.1,100
"1418",585.6,100.4
"1419",585.6,107.7
"1420",581.9,108.3
"1421",584.1,109.9
"1422",586.5,110.1
"1423",585.1,115.5
"1424",585.5,115.4
"1425",586.9,114
"1426",587.2,113.1
"1427",586.55,117.75
"1428",585.9,119.5
"1429",584.5,119.8
"1430",583.85,120.05
"1431",582,129.3
"1432",377.6,373.9
"1433",368.35,389.3
"1434",370.9,387.2
"1435",373.1,390.7
"1436",373.1,389.25
"1437",374.2,390.2
"1438",373.2,393.5
"1439",373.65,394.3
"1440",379.8,395.8
"1441",382.4,394.5
"1442",382.65,396.95
"1443",383.8,397.1
"1444",384.1,394.3
"1445",384.9,392.3
"1446",381.3,382.9
"1447",384.8,381.8
"1448",384.85,379.7
"1449",382.4,375.7
"1450",382.6,370.3
"1451",382.55,370.25
"1452",381.3,367.2
"1453",381.6,362.4
"1454",500.75,292.6
"1455",668.8,199.3
"1456",666.5,197.9
"1457",663.25,201.55
"1458",664.4,197.5
"1459",664.4,196
"1460",662.6,196.6
"1461",664,194.2
"1462",665.6,191.4
"1463",664.75,190.45
"1464",667.6,191.2
"1465",664.9,197.3
"1466",663.55,195.05
"1467",695.1,230
"1468",700.4,245.7
"1469",699.45,245.9
"1470",701.3,247
"1471",700.9,249.9
"1472",700,246.85
"1473",699.8,248.6
"1474",695.7,250.1
"1475",697.5,245.1
"1476",692.7,247.7
"1477",654.2,262.9
"1478",389.15,344.95
"1479",369.8,349.4
"1480",371.5,354.6
"1481",368.85,350.65
"1482",369.7,352.9
"1483",370.1,353.9
"1484",369.4,355.25
"1485",367.8,355.8
"1486",368.5,357
"1487",366.2,358.15
"1488",449.8,385.5
"1489",453.2,387.1
"1490",449.65,388.1
"1491",447.3,387.8
"1492",442.2,389
"1493",438.3,387.4
"1494",435.8,388.4
"1495",488.4,361.1
"1496",744.05,239.65
"1497",746.4,236.1
"1498",745.4,237.2
"1499",743.6,236.05
"1500",743.6,236.8
"1501",744.5,235.5
"1502",742.4,237.4
"1503",743.1,239.7
"1504",741.8,243.6
"1505",736.1,238.2
"1506",734.2,236.8
"1507",731.6,239.7
"1508",727.6,239.1
"1509",723.1,241.3
"1510",688.6,286.6
"1511",688.5,285.2
"1512",690.2,286
"1513",686.1,289.85
"1514",-999,-999
"1515",-999,-999
"1516",688.4,357.8
"1517",1121.7,843.4
"1518",-999,-999
"1519",-999,-999
"1520",-999,-999
"1521",-999,-999
"1522",-999,-999
"1523",-999,-999
"1524",-999,-999
"1525",-999,-999
"1526",-999,-999
"1527",-999,-999
"1528",-999,-999
"1529",-999,-999
"1530",-999,-999
"1531",-999,-999
"1532",-999,-999
"1533",-999,-999
"1534",-999,-999
"1535",-999,-999
"1536",-999,-999
"1537",-999,-999
"1538",-999,-999
"1539",-999,-999
"1540",-999,-999
"1541",-999,-999
"1542",-999,-999
"1543",-999,-999
"1544",-999,-999
"1545",-999,-999
"1546",-999,-999
"1547",-999,-999
"1548",-999,-999
"1549",-999,-999
"1550",-999,-999
"1551",-999,-999
"1552",-999,-999
"1553",-999,-999
"1554",-999,-999
"1555",-999,-999
"1556",-999,-999
"1557",-999,-999
"1558",-999,-999
"1559",-999,-999
"1560",-999,-999
"1561",-999,-999
"1562",-999,-999
"1563",-999,-999
"1564",-999,-999
"1565",-999,-999
"1566",-999,-999
"1567",-999,-999
"1568",-999,-999
"1569",-999,-999
"1570",-999,-999
"1571",-999,-999
"1572",-999,-999
"1573",-999,-999
"1574",-999,-999
"1575",-999,-999
"1576",-999,-999
"1577",-999,-999
"1578",-999,-999
"1579",-999,-999
"1580",-999,-999
"1581",-999,-999
"1582",-999,-999
"1583",-999,-999
"1584",-999,-999
"1585",-999,-999
"1586",-999,-999
"1587",-999,-999
"1588",-999,-999
"1589",43.1,381.7
"1590",47.5,378.4
"1591",-999,-999
"1592",-999,-999
"1593",-999,-999
"1594",-999,-999
"1595",-999,-999
"1596",-999,-999
"1597",-999,448.2
"1598",-999,441.8
"1599",-999,-999
"1600",-999,-999
"1601",423.8,481.4
"1602",780.8,364.8
"1603",792,358.7
"1604",787.55,356.5
"1605",787.5,351.1
"1606",788.6,347.8
"1607",791.55,346.45
"1608",795.55,344.85
"1609",793.15,344.9
"1610",791.3,342.5
"1611",786.6,340.6
"1612",784.9,345
"1613",783.3,346.9
"1614",781.7,347.2
"1615",778.8,348
"1616",777.55,350.75
"1617",773.6,350
"1618",771.3,347.7
"1619",768.45,346.15
"1620",768.05,346.2
"1621",765,347.3
"1622",762.8,347.9
"1623",759.9,346.05
"1624",758.1,347.3
"1625",758.5,344.5
"1626",633.3,402.9
"1627",416.4,503.3
"1628",405.45,503.3
"1629",404.6,503.2
"1630",399.7,500.7
"1631",399.3,501.4
"1632",398,503.1
"1633",393,501
"1634",391.8,497.9
"1635",392.5,497.2
"1636",391.3,494.1
"1637",389.7,492.85
"1638",391.5,491.1
"1639",388.1,487.8
"1640",385.5,485
"1641",388.6,484.1
"1642",390.6,478
"1643",387.85,472.85
"1644",388.7,469.5
"1645",385.9,466.9
"1646",383.1,464.7
"1647",384.55,464.15
"1648",385.1,464.9
"1649",383.2,464.6
"1650",385.4,460.35
"1651",387.4,457.1
"1652",386.2,454.4
"1653",382.25,450.7
"1654",382.1,447
"1655",378.6,442.4
"1656",337.35,432.2
"1657",333.9,434
"1658",334.3,429.2
"1659",335.1,429
"1660",333.9,427
"1661",334,423.8
"1662",374.15,352.55
"1663",374.8,350.6
"1664",372.6,350.2
"1665",371,347.3
"1666",405.6,335.2
"1667",752.4,203.5
"1668",757.4,199.6
"1669",756.4,198
"1670",756.3,195.1
"1671",757.7,191.55
"1672",757.1,192.6
"1673",755.4,187.6
"1674",748.35,189.1
"1675",714.8,199.9
"1676",711.4,201.9
"1677",709.9,200.85
"1678",708.5,200.7
"1679",708.9,197.7
"1680",707.5,197.4
"1681",707.9,200
"1682",707.8,201.1
"1683",707.6,198.1
"1684",707.4,199.75
"1685",705.2,200.8
"1686",703.65,200.2
"1687",703,198.2
"1688",701.5,199.4
"1689",700.2,199.95
"1690",697.9,200.1
"1691",523.3,328.1
"1692",468.55,375.15
"1693",462,377.7
"1694",460.9,376.4
"1695",461.25,375
"1696",462.2,374.8
"1697",460.7,375.6
"1698",463.3,374.85
"1699",462.5,372.3
"1700",463.8,372.2
"1701",461.85,373.95
"1702",460.5,373.8
"1703",457.7,373.2
"1704",457.3,373.85
"1705",456.7,373.6
"1706",454.4,372.9
"1707",448.1,372.35
"1708",447.8,371.1
"1709",445.9,373.3
"1710",444.1,371.3
"1711",440.8,370.1
"1712",576.3,565.4
"1713",584.3,577.9
"1714",583.8,576.9
"1715",583.6,575.2
"1716",584.15,573.3
"1717",585.7,572.6
"1718",583.8,571.7
"1719",585.4,571.35
"1720",583.6,568.6
"1721",584.7,568.3
"1722",581.85,565.75
"1723",582.2,563.9
"1724",580.7,560.8
"1725",578.6,559.35
"1726",441,460
"1727",380.5,418.7
"1728",379.3,414.75
"1729",379.7,412.4
"1730",378.5,409.2
"1731",379,408.7
"1732",378,408.8
"1733",375.9,407.4
"1734",374.75,407.8
"1735",425.5,392.9
"1736",680.3,298.8
"1737",682.3,296.9
"1738",681.1,296.1
"1739",681.6,290.7
"1740",681.3,292.1
"1741",678.5,292.6
"1742",677.9,292.6
"1743",675.15,294.7
"1744",674,294.8
"1745",697.3,307.3
"1746",698.45,309
"1747",696.8,308.1
"1748",696,306.5
"1749",695.8,301.7
"1750",695.7,301.9
"1751",695.1,302.8
"1752",692.4,302.25
"1753",693.8,301.7
"1754",689.6,304.4
"1755",686.7,304.7
"1756",684.7,306.5
"1757",684,305.1
"1758",681.45,303.3
"1759",680.7,301.5
"1760",677.4,302.3
"1761",674.45,300.95
"1762",672,301.3
"1763",668.3,301.4
"1764",667.6,302.2
"1765",667.9,296.7
"1766",663.6,295.1
"1767",663,288.1
"1768",637.5,326.3
"1769",586.3,494.8
"1770",587.15,494.1
"1771",587.8,489.1
"1772",590.6,482.4
"1773",594.65,474.35
"1774",594.2,466.8
"1775",594.4,466.1
"1776",593.3,457.85
"1777",595.5,452.8
"1778",597.2,451.9
"1779",598.55,443.9
"1780",597.6,442.7
"1781",596.1,436.8
"1782",599.1,427.05
"1783",597,421.5
"1784",597.6,414.6
"1785",597.35,405.55
"1786",601.3,399.2
"1787",599.9,395.3
"1788",604.6,391.8
"1789",605.75,390.15
"1790",609.9,389.3
"1791",614.4,389.55
"1792",616.8,390.9
"1793",616.8,393.4
"1794",614.4,397.1
"1795",617.45,398.5
"1796",616.5,398
"1797",623.75,418.9
"1798",705.9,566.4
"1799",708.9,575.1
"1800",708.6,574.7
"1801",710,573.2
"1802",708.4,570.7
"1803",709.6,566.45
"1804",707.8,567.6
"1805",706.3,566.4
"1806",704.7,564.85
"1807",704.1,565.2
"1808",720.6,456.5
"1809",716.1,452.2
"1810",717.3,450.8
"1811",718.1,448.7
"1812",718.35,443.55
"1813",715.1,441.2
"1814",710.9,430
"1815",704.95,422
"1816",696.7,418.4
"1817",692.9,417.1
"1818",687.2,410.8
"1819",681.8,410.2
"1820",674.4,409.7
"1821",662.2,408.05
"1822",658.1,408.4
"1823",650.1,408.4
"1824",646.2,406.45
"1825",648.1,406.1
"1826",640.1,404.4
"1827",636,406.65
"1828",634.5,406.7
"1829",631.7,405.6
"1830",632.85,485.85
"1831",631.6,492.7
"1832",631.4,492.9
"1833",626.9,491.4
"1834",625,493
"1835",623.2,491.1
"1836",620.4,492.4
"1837",619.8,490.7
"1838",620.6,490.7
"1839",619.4,492.4
"1840",620.6,488
"1841",621,485.6
"1842",617.6,481.35
"1843",616.7,476.9
"1844",615.6,479
"1845",616.2,473.4
"1846",616.05,472.3
"1847",616.7,472.2
"1848",616.6,468.9
"1849",616.2,465.2
"1850",614.5,464.4
"1851",614.4,461.1
"1852",615.9,457.3
"1853",612.2,454
"1854",613.25,452.25
"1855",608.5,451.7
"1856",610.1,445.8
"1857",608.85,441.5
"1858",607.1,437.2
"1859",635.8,409.8
"1860",650.85,400
"1861",650.3,398
"1862",650.6,395.5
"1863",648.55,395.1
"1864",654.4,392
"1865",649.2,389.5
"1866",649.75,379.05
"1867",654.7,367.8
"1868",654,367.1
"1869",653.25,363.2
"1870",653,353
"1871",651.9,351.4
"1872",650.15,343.85
"1873",648.9,334.5
"1874",650.4,328.7
"1875",648.85,323.05
"1876",645.5,317.6
"1877",639.9,311.3
"1878",643.15,304.25
"1879",642.3,298
"1880",636.8,291.1
"1881",637.5,284.2
"1882",638.5,280.6
"1883",646.9,256.8
"1884",667.8,216.35
"1885",667.3,210.7
"1886",664.9,210
"1887",664.7,209.45
"1888",658.5,209.7
"1889",655.6,204.2
"1890",644.65,201.05
"1891",639.9,201.4
"1892",633.4,198.2
"1893",624.35,197.3
"1894",618.3,199.2
"1895",615.8,199.9
"1896",615.3,196.8
"1897",615,196.1
"1898",618.3,197.7
"1899",618.4,200.65
"1900",617.3,203
"1901",621.3,207.3
"1902",619.5,204.65
"1903",619.7,206
"1904",619.7,208.5
"1905",616.2,208.65
"1906",615.5,208.3
"1907",613.2,214.3
"1908",612.15,210.75
"1909",614.3,208.5
"1910",667.8,243.3
"1911",671.35,249.2
"1912",668.6,250.4
"1913",668.3,247.3
"1914",669.6,250.9
"1915",667.65,250.95
"1916",663.7,250
"1917",656.05,249.85
"1918",648.2,251.5
"1919",639.3,249.5
"1920",632.05,249.1
"1921",629.2,251.2
"1922",623.3,248.3
"1923",624.3,247.6
"1924",619.35,250.25
"1925",619.1,247.5
"1926",614.45,241.95
"1927",612.2,248.5
"1928",606.6,250
"1929",602.25,245.65
"1930",600.7,247.1
"1931",604.1,244.9
"1932",704.55,167.35
"1933",707,164.9
"1934",701,169.1
"1935",700.8,170.75
"1936",699.5,172.8
"1937",697.9,173
"1938",696.6,177.1
"1939",697.6,179.9
"1940",700.4,180.7
"1941",699.8,181.45
"1942",702.2,186.7
"1943",704.8,188.2
"1944",704.75,192.9
"1945",703.7,196.6
"1946",698.2,202.6
"1947",694.95,203.5
"1948",689.3,203.3
"1949",691,203.4
"1950",689.4,204.6
"1951",689.7,206.9
"1952",685.7,210.5
"1953",684.7,210.35
"1954",682.5,212.7
"1955",679.8,215.4
"1956",678.6,221.2
"1957",678.2,221.6
"1958",673.4,218.1
"1959",669.3,215.25
"1960",665.1,214.4
"1961",659.3,214.9
"1962",654.8,218.15
"1963",647.5,216.3
"1964",642.1,212.6
"1965",637.95,209.65
"1966",634.5,207.5
"1967",632.7,207.6
"1968",634.65,204.9
"1969",631.5,207.2
"1970",629.3,205.1
"1971",628.05,206.25
"1972",626.1,203.7
"1973",623,207
"1974",622.25,208.2
"1975",623.7,208.6
"1976",620.7,211.1
"1977",619.8,210.9
"1978",620.3,212.7
"1979",756.6,340.2
"1980",763.2,347.75
"1981",759.8,345.4
"1982",757.1,344.7
"1983",756.4,341.6
"1984",751.5,338.8
"1985",739.8,336.7
"1986",731.8,333.6
"1987",727.8,331.7
"1988",725.6,330.9
"1989",725.6,334.15
"1990",725.4,330.4
"1991",724.1,326.5
"1992",725.55,319.95
"1993",728.4,316.7
"1994",727.9,311.2
"1995",728.75,306.65
"1996",729.9,304.4
"1997",731.5,296.5
"1998",731.7,294.2
"1999",731.7,290.9
"2000",733.65,288.5
"2001",732.7,288
"2002",732.3,291.2
"2003",735.5,286.2
"2004",733.3,285.5
"2005",732.3,286.9
"2006",729.2,286.3
"2007",726.6,287.3
"2008",721.9,290.5
"2009",721.5,290.6
"2010",719.7,290
"2011",715.3,291.1
"2012",711.75,295.25
"2013",708.3,300.2
"2014",700.5,303.4
"2015",690.7,310.7
"2016",684.1,310.1
"2017",671.8,316.9
"2018",660.45,321.95
"2019",643.8,325.2
"2020",632.1,330.6
"2021",621.85,333.65
"2022",621.7,333.6
"2023",620.6,336.5
"2024",623.35,338.15
"2025",624.4,340.9
"2026",624.4,345.7
"2027",622.55,350.65
"2028",593.5,396.8
"2029",562.6,480.5
"2030",563.65,480.95
"2031",567.5,482.4
"2032",568.8,483.1
"2033",572.2,484
"2034",573.75,482
"2035",582.1,481.4
"2036",589.5,481.8
"2037",593.3,479.7
"2038",599,473.5
"2039",599.6,469.4
"2040",601.4,468.9
"2041",607.4,463.9
"2042",664.5,458.6
"2043",693.3,453.4
"2044",700.3,450.9
"2045",700.8,441.45
"2046",707.3,437.4
"2047",707.7,435.2
"2048",713.95,430.3
"2049",720.1,428.3
"2050",721.8,427.2
"2051",731.6,428.3
"2052",738.6,426.7
"2053",747.5,425.8
"2054",757.85,429.1
"2055",767.4,429.6
"2056",775.5,428.2
"2057",781.6,423
"2058",788,421.4
"2059",792.2,418.8
"2060",800.5,418.3
"2061",808.6,414.7
"2062",942.8,314
"2063",950.55,303.45
"2064",955.9,298.2
"2065",962.8,298.3
"2066",963.2,297
"2067",964.5,293
"2068",960.6,290.5
"2069",954.95,286.15
"2070",950,282.2
"2071",946.3,281
"2072",944.95,280.5
"2073",938.7,278.8
"2074",932,280.9
"2075",929.95,282.85
"2076",923.9,286.6
"2077",925.5,291.1
"2078",927.2,294.55
"2079",929.9,301.3
"2080",933.1,305.4
"2081",933.85,311.25
"2082",939,314.7
"2083",937.7,320.5
"2084",942.15,323.3
"2085",944.9,326.4
"2086",944,331
"2087",945.45,333.85
"2088",951,333.3
"2089",948,337.2
"2090",941.85,340.95
"2091",935.8,348.1
"2092",937.6,351.8
"2093",933.3,358.7
"2094",928.2,368.3
"2095",922.7,375.5
"2096",918.7,384.2
"2097",910,392.4
"2098",897.8,403
"2099",888.85,410.2
"2100",878.8,415.4
"2101",869,425.3
"2102",865.45,431.1
"2103",862,433.6
"2104",857.1,438.8
"2105",851.15,442.05
"2106",842,444
"2107",834.3,445.4
"2108",829.9,448.15
"2109",824.3,448.6
"2110",822.2,449.7
"2111",816.7,447.4
"2112",813.3,444.5
"2113",807.2,446.2
"2114",802.3,444.7
"2115",829.3,406.1
"2116",828.4,400.8
"2117",831.15,400.85
"2118",832.2,394.3
"2119",833.7,389.5
"2120",834.2,381.2
"2121",831.7,374.1
"2122",829.4,370.7
"2123",828.6,364.85
"2124",825.6,360.2
"2125",822.4,354.9
"2126",820.2,351.7
"2127",810.7,348
"2128",793.1,305.1
"2129",762,215.75
"2130",746,210.4
"2131",733.7,207.4
"2132",726.35,206.55
"2133",722.4,208.9
"2134",719.3,211.3
"2135",717.5,212.35
"2136",712.4,214.9
"2137",706,218
"2138",698.25,224.05
"2139",689.1,226.6
"2140",687.1,232.4
"2141",681.6,241.25
"2142",678.3,245.5
"2143",670,253.4
"2144",664.2,256.6
"2145",653,267
"2146",639.5,270.8
"2147",630.25,279.3
"2148",626.1,283.4
"2149",623.2,285.7
"2150",619.45,289.45
"2151",617,294.9
"2152",615.8,299.2
"2153",611.3,298.95
"2154",611.2,302.6
"2155",328.5,564.6
"2156",252.4,600.7
"2157",248.6,600.2
"2158",246.6,600.6
"2159",243.4,600.5
"2160",236.9,604.6
"2161",234.5,606.8
"2162",228,606.7
"2163",224.9,605.3
"2164",211.4,600.5
"2165",154.9,598.4
"2166",149.6,596.9
"2167",149.5,594
"2168",146.6,590.25
"2169",147.1,585.9
"2170",149.5,580.5
"2171",153.5,577.4
"2172",160.3,575.5
"2173",169.1,575.2
"2174",171.4,573.45
"2175",170.4,572.2
"2176",163.5,566
"2177",159.65,560.15
"2178",159.3,553.6
"2179",162.1,551.2
"2180",164.9,548.3
"2181",164.3,549.9
"2182",297.9,516.5
"2183",304.75,514.75
"2184",299.6,514
"2185",302.7,517.1
"2186",298.75,513.2
"2187",300.5,513.7
"2188",327.1,509.5
"2189",681.8,462.4
"2190",693,463.3
"2191",688.9,463.1
"2192",690.7,465.3
"2193",691.4,464.4
"2194",690.5,462.9
"2195",691.1,465.8
"2196",691.8,468
"2197",698.2,478.7
"2198",788.1,549.7
"2199",783.3,554.1
"2200",779.3,553.6
"2201",774.7,552.45
"2202",769.4,552.3
"2203",767.7,551
"2204",764.2,552.8
"2205",757.1,558.8
"2206",751.8,558.7
"2207",746.35,561.6
"2208",742.4,560.8
"2209",739.9,561.3
"2210",741.2,559.85
"2211",743.7,559.5
"2212",743.2,558
"2213",742.35,557.05
"2214",742.9,558.6
"2215",742.7,559.7
"2216",742.6,558.1
"2217",742.8,558.9
"2218",738.6,555.9
"2219",736.05,556.2
"2220",734.1,560.3
"2221",735.7,558.9
"2222",737.2,560.7
"2223",735.1,560.2
"2224",735,563
"2225",737.65,560.8
"2226",738.5,552.1
"2227",814.4,341.8
"2228",809.7,328.15
"2229",807.2,321.8
"2230",804.2,319
"2231",796,319.2
"2232",787.7,317.2
"2233",780.4,316.2
"2234",772.75,310.5
"2235",761.5,311.4
"2236",752.8,309.7
"2237",747.6,310.25
"2238",744.7,313.3
"2239",741.1,313.4
"2240",641.75,314.2
"2241",627.7,317.2
"2242",626.8,316.2
"2243",623.8,315.45
"2244",627.4,316.6
"2245",628,315.2
"2246",636.7,314
"2247",640.5,314.6
"2248",648,315.6
"2249",791.95,524.45
"2250",814.4,567.3
"2251",805.6,568.4
"2252",801.25,568.6
"2253",798,568.3
"2254",796.1,569.1
"2255",787.75,571.9
"2256",779,575
"2257",768.6,573.6
"2258",761.15,573.55
"2259",757.9,571.5
"2260",759.2,567.6
"2261",752.65,565.9
"2262",745.5,559
"2263",732.4,556.2
"2264",720.45,554.65
"2265",713.2,548.8
"2266",700,545.1
"2267",688.05,544.1
"2268",676.8,539.9
"2269",661,539.6
"2270",649,531.7
"2271",639.2,534.1
"2272",640.8,527.8
"2273",642.35,528.35
"2274",646.1,529.7
"2275",645.9,527.6
"2276",645.7,527
"2277",645.3,527.9
"2278",645.8,528
"2279",648.45,530.75
"2280",650.8,533.6
"2281",658,531.9
"2282",661.1,535.7
"2283",664.2,534.7
"2284",667.3,537.9
"2285",670.05,542
"2286",670.7,543.9
"2287",670.5,544.6
"2288",669.75,547.45
"2289",668.3,548.6
"2290",665.8,546.1
"2291",664.65,547.55
"2292",663,545.3
"2293",661.8,548.7
"2294",784.05,575.15
"2295",785.2,573.2
"2296",778.1,572.1
"2297",774,572.25
"2298",769,571.5
"2299",764,563.6
"2300",754.15,565.05
"2301",746.8,562.6
"2302",734.2,560.4
"2303",727.45,557.8
"2304",722,557.6
"2305",722.4,557
"2306",721.45,557.2
"2307",717.5,554.9
"2308",635.5,408.8
"2309",614.4,372.5
"2310",611.5,371.4
"2311",614.3,370.7
"2312",618.15,373.25
"2313",621.4,373.3
"2314",624.3,373.5
"2315",625.55,374.3
"2316",629.4,373.3
"2317",632.8,372.8
"2318",629.65,374.75
"2319",627.8,371
"2320",624.9,370.7
"2321",680.7,369.5
"2322",796.45,366.8
"2323",799.15,363.1
"2324",797.8,364.4
"2325",796.9,364.2
"2326",793.1,360.8
"2327",784.7,361.5
"2328",772.3,356
"2329",756.8,353.4
"2330",745.45,349.95
"2331",725.2,343.2
"2332",708,336.7
"2333",685.8,333.25
"2334",674.3,325
"2335",660.6,325.4
"2336",653.9,325
"2337",649.6,324.5
"2338",649.4,324.2
"2339",652.2,323.95
"2340",652.1,323.8
"2341",651.5,322.9
"2342",652.4,322.8
"2343",657.2,321.4
"2344",667.6,322.5
"2345",675.25,322.9
"2346",684.8,325
"2347",696.9,327.5
"2348",710.9,329.2
"2349",723.3,333.85
"2350",730,335.7
"2351",728.2,337.3
"2352",725.8,339.25
"2353",718.8,345.6
"2354",711.4,345.9
"2355",750,362.1
"2356",778.1,375.25
"2357",773.9,372.3
"2358",763.4,369.3
"2359",753.7,365
"2360",743.55,361.3
"2361",731.5,358
"2362",716.4,353.75
"2363",696.9,349.3
"2364",674.35,347.2
"2365",658.9,344.95
"2366",645.15,345.6
"2367",633.3,346.4
"2368",622.4,345.8
"2369",619.2,345.55
"2370",617,344.7
"2371",620.4,344.8
"2372",626.75,338.65
"2373",627.3,337.6
"2374",627.7,333.7
"2375",629.3,334.25
"2376",637.2,335.1
"2377",653.2,334.5
"2378",661.4,336.45
"2379",670,338
"2380",678.8,339.85
"2381",688.4,342.8
"2382",689.5,344.5
"2383",690.7,347.35
"2384",691,347.1
"2385",685.85,347.7
"2386",682.5,346.6
"2387",844.9,371.8
"2388",853.25,375.1
"2389",849.3,372.5
"2390",843.8,367.5
"2391",836.35,362.55
"2392",829.7,364.5
"2393",826.5,359.3
"2394",815.7,355.55
"2395",807.6,354.8
"2396",800.8,352.7
"2397",792.55,353.6
"2398",789.6,349
"2399",784.1,348.9
"2400",775.35,347.15
"2401",765.4,344.9
"2402",755.9,342.5
"2403",747.4,342.6
"2404",740,344.1
"2405",740.4,344.2
"2406",740.5,337.75
"2407",741.5,336.6
"2408",743.1,333.4
"2409",739.6,333.3
"2410",740.85,329.15
"2411",743.4,335.4
"2412",743.2,335.9
"2413",743.9,338.1
"2414",748,337.5
"2415",795.35,394.2
"2416",801.7,401.8
"2417",798.7,403.1
"2418",800.15,408.7
"2419",804.3,406.1
"2420",805.9,404
"2421",806.75,401.45
"2422",807,401.4
"2423",805.2,402.6
"2424",904.7,425.6
"2425",937.1,430.5
"2426",936.4,431.2
"2427",936.8,433.65
"2428",936.7,431
"2429",937.3,431.3
"2430",934.4,431.65
"2431",933.5,432.1
"2432",929.3,432.9
"2433",927.8,434.2
"2434",922.6,433.7
"2435",913.7,433.8
"2436",906.75,434.9
"2437",903.3,439
"2438",1101.2,438.2
"2439",1106.4,439.6
"2440",1094.6,438.1
"2441",1086.6,440
"2442",1077.4,441.1
"2443",1067.8,438.4
"2444",856.7,611.1
"2445",809.3,623.8
"2446",801.6,623.6
"2447",791.4,622.4
"2448",781.45,620.4
"2449",769.2,622.3
"2450",757.6,621.5
"2451",748.55,619.3
"2452",737.9,617.8
"2453",724.2,614.6
"2454",714.65,614.9
"2455",704.2,612.1
"2456",695.1,608.2
"2457",687.65,604.8
"2458",685.2,600.3
"2459",675.5,597.2
"2460",667.95,593.2
"2461",661.4,590.4
"2462",660.7,589.2
"2463",648.95,590.2
"2464",643.4,590.7
"2465",636.1,592.1
"2466",627.55,593.3
"2467",625.3,590.2
"2468",620.1,587
"2469",619.7,585.55
"2470",614.8,585.5
"2471",614.6,582.3
"2472",611.4,577.45
"2473",611.8,571.7
"2474",615.1,572.7
"2475",617.7,573.05
"2476",617.7,570.6
"2477",621.4,569.5
"2478",623.8,570.95
"2479",624.4,571.9
"2480",626,575.8
"2481",626.05,575.3
"2482",626,574.1
"2483",586.6,603
"2484",501,633.45
"2485",493.9,634.3
"2486",496.9,635
"2487",498.25,633.15
"2488",495.2,634
"2489",493.1,631.4
"2490",489,628.15
"2491",483.3,624.2
"2492",479.6,618.6
"2493",474.9,612.8
"2494",469.9,609.5
"2495",441.6,549.6
"2496",427.15,535.7
"2497",422.6,532.4
"2498",417.3,528.6
"2499",413,528.3
"2500",406.3,523.4
"2501",400.8,528
"2502",386.85,524.05
"2503",381.1,526.1
"2504",371.8,522.5
"2505",365.35,523.6
"2506",386.9,591
"2507",390.3,611.6
"2508",389.1,609.35
"2509",386.9,607.9
"2510",380,607
"2511",366.65,603.6
"2512",357.9,600.8
"2513",353.3,597.5
"2514",346.4,600.2
"2515",342.3,600.4
"2516",338.8,600
"2517",339.8,599.95
"2518",337.5,599.9
"2519",333.6,596.9
"2520",324.15,595.7
"2521",318.8,594.3
"2522",316.7,596.5
"2523",307.85,594.35
"2524",304.3,592.5
"2525",227.4,561.6
"2526",223.3,561.85
"2527",224.7,562.8
"2528",224.1,562.1
"2529",225.05,560.95
"2530",224.2,559.5
"2531",222,560.8
"2532",219.75,561.25
"2533",207.8,563.5
"2534",195.6,562.3
"2535",187.75,561.45
"2536",183.3,561.5
"2537",177.6,563
"2538",131.8,589.2
"2539",78.1,625.4
"2540",72,627.1
"2541",74.8,627.4
"2542",72.3,623.1
"2543",72.5,622.5
"2544",73,619.65
"2545",71.8,618.2
"2546",69.3,619.6
"2547",66.35,617.95
"2548",69.3,616.9
"2549",70.7,615.3
"2550",68.45,614.45
"2551",71,614.4
"2552",71.3,615.5
"2553",75.45,616.3
"2554",77.7,617.2
"2555",78.4,618.1
"2556",82,615.7
"2557",373.1,442.9
"2558",389.5,434.7
"2559",392.9,431.5
"2560",399.8,433.4
"2561",407.6,433.1
"2562",414.45,426.3
"2563",415.9,424.3
"2564",416.5,420.6
"2565",423.85,420
"2566",425.1,421.6
"2567",561.8,348.1
"2568",578.15,347.15
"2569",578.1,345.7
"2570",585.5,346.4
"2571",588.95,341.6
"2572",591.9,341.7
"2573",594.7,342.9
"2574",595.95,338.65
"2575",597.9,338.9
"2576",599.5,340
"2577",644.15,336.05
"2578",703.9,334.1
"2579",699.4,331.8
"2580",689.15,332.65
"2581",678.8,332.8
"2582",663.7,335
"2583",656.45,333.35
"2584",652.7,334.7
"2585",642.7,338.5
"2586",631.95,336.6
"2587",620.3,330.8
"2588",609.3,323.9
"2589",603.5,325.05
"2590",602.7,323.8
"2591",599.5,327.1
"2592",815.35,532.95
"2593",827.5,548.1
"2594",823.2,542.1
"2595",822.05,543.65
"2596",821.8,543.2
"2597",821.7,545
"2598",820.15,547.85
"2599",817.8,547.5
"2600",819.4,546.9
"2601",819,546.7
"2602",820.9,545.6
"2603",998.7,574.8
"2604",1002.9,569.75
"2605",997.7,569.8
"2606",994.7,570
"2607",989.1,569.1
"2608",985,566.1
"2609",979,566.6
"2610",970.3,569.1
"2611",965.4,571.7
"2612",730.7,648.6
"2613",695.35,651.35
"2614",693.7,649.8
"2615",696,647.9
"2616",698.35,644.7
"2617",698.9,644.4
"2618",702.6,642
"2619",707.3,642.6
"2620",708.2,638.8
"2621",711,639.2
"2622",746.3,641.05
"2623",843.3,646.3
"2624",843.1,647.1
"2625",838,646.8
"2626",836,643.2
"2627",828.4,644.9
"2628",822.8,644.75
"2629",821.6,642.9
"2630",817.1,645.5
"2631",815.55,644
"2632",819.1,644.2
"2633",816.1,642
"2634",819.7,637.9
"2635",817.8,635.4
"2636",818.9,632.2
"2637",818.8,632.1
"2638",817.6,630.1
"2639",814.4,629.1
"2640",813.2,626.4
"2641",811.8,628.3
"2642",809.5,626.4
"2643",996.75,556.1
"2644",1013.2,554.9
"2645",1008.9,555.8
"2646",1002.3,556.4
"2647",1002.1,555.2
"2648",1003.1,555.4
"2649",1003.1,554.85
"2650",999.8,554.1
"2651",999.7,551.9
"2652",996.1,552.9
"2653",994.1,551.2
"2654",993.5,551.9
"2655",990.1,554.2
"2656",858.5,463.4
"2657",657.9,357.3
"2658",644.8,352.8
"2659",642.4,353.5
"2660",643.2,351.5
"2661",641.75,353.7
"2662",641.1,348.1
"2663",640.9,348.4
"2664",639.3,346.9
"2665",638.5,346.8
"2666",639.1,341
"2667",638.15,340.05
"2668",639.5,336.3
"2669",637.6,338.1
"2670",632.95,340
"2671",632.5,339.4
"2672",631.9,336.2
"2673",630,340.65
"2674",628.1,341.7
"2675",628.5,342.7
"2676",418.9,535.3
"2677",370,589.1
"2678",366.8,588.3
"2679",371.35,588.3
"2680",375.2,590.6
"2681",377.3,590.5
"2682",386,601.75
"2683",-999,-999
"2684",-999,-999
"2685",-999,-999
"2686",-999,-999
"2687",-999,-999
"2688",-999,-999
"2689",-999,-999
"2690",-999,-999
"2691",-999,-999
"2692",-999,-999
"2693",-999,-999
"2694",-999,-999
"2695",-999,-999
"2696",-999,-999
"2697",-999,-999
"2698",-999,-999
"2699",-999,-999
"2700",-999,-999
"2701",-999,-999
"2702",-999,-999
"2703",-999,-999
"2704",-999,-999
"2705",-999,-999
"2706",-999,-999
"2707",-999,-999
"2708",-999,-999
"2709",-999,-999
"2710",-999,-999
"2711",-999,-999
"2712",-999,-999
"2713",-999,-999
"2714",-999,464
"2715",-999,-999
"2716",-999,-999
"2717",-999,-999
"2718",-999,-999
"2719",-999,-999
"2720",-999,-999
"2721",-999,-999
"2722",-999,-999
"2723",-999,-999
"2724",-999,-999
"2725",-999,-999
"2726",-999,-999
"2727",-999,-999
"2728",-999,-999
"2729",-999,-999
"2730",-999,-999
"2731",-999,-999
"2732",-999,-999
"2733",-999,-999
"2734",-999,-999
"2735",-999,-999
"2736",-999,-999
"2737",-999,-999
"2738",-999,-999
"2739",-999,-999
"2740",-999,-999
"2741",-999,-999
"2742",-999,-999
"2743",-999,-999
"2744",-999,-999
"2745",-999,-999
"2746",-999,-999
"2747",-999,-999
"2748",-999,-999
"2749",-999,-999
"2750",-999,-999
"2751",-999,-999
"2752",-999,-999
"2753",-999,-999
"2754",-999,-999
"2755",-999,-999
"2756",-999,-999
"2757",-999,-999
"2758",-999,-999
"2759",-999,-999
"2760",-999,-999
"2761",-999,-999
"2762",-999,-999
"2763",-999,-999
"2764",-999,-999
"2765",-999,-999
"2766",-999,-999
"2767",-999,-999
"2768",-999,-999
"2769",-999,-999
"2770",-999,-999
"2771",-999,-999
"2772",-999,-999
"2773",-999,-999
"2774",-999,-999
"2775",-999,-999
"2776",-999,-999
"2777",-999,-999
"2778",-999,-999
"2779",-999,-999
"2780",-999,-999
"2781",-999,-999
"2782",-999,-999
"2783",-999,-999
"2784",-999,-999
"2785",832.8,607.8
"2786",616.45,604.45
"2787",603.6,607.3
"2788",601.8,606.4
"2789",601.05,605.9
"2790",602.6,603.6
"2791",602.2,601.2
"2792",602.2,599.55
"2793",600.1,597
"2794",600.5,596.3
"2795",599.2,596.1
"2796",601,592.8
"2797",600.6,591.8
"2798",599.8,590.75
"2799",722.1,458.2
"2800",778.5,387.2
"2801",772.85,383.9
"2802",770.7,383.6
"2803",766,383.7
"2804",764.6,383.45
"2805",764.3,382.2
"2806",764.9,378.4
"2807",763.6,378.45
"2808",762.8,375.8
"2809",760.3,378.2
"2810",999.1,584.55
"2811",1104.1,631.7
"2812",1097.8,630.7
"2813",1093.6,630.75
"2814",1089.1,630.7
"2815",1085.2,632
"2816",1079.9,632.65
"2817",1077.9,633.7
"2818",817.4,688.4
"2819",426.2,765.35
"2820",410.6,768.9
"2821",411.1,770.6
"2822",409,770.8
"2823",413.2,768.7
"2824",381.9,830.7
"2825",336.55,987.05
"2826",333,993.7
"2827",330.5,993.8
"2828",330.7,993.75
"2829",328.8,995.9
"2830",328.8,996.5
"2831",331.25,998.15
"2832",333.2,999
"2833",333.4,998.5
"2834",334.6,998.9
"2835",337,998.7
"2836",338.1,998.7
"2837",340.05,997.4
"2838",343,999
"2839",346.6,997.6
"2840",352.9,990.35
"2841",353.5,986.1
"2842",378.5,961.3
"2843",743.55,536.65
"2844",841.6,425.6
"2845",835.3,419.9
"2846",833.05,415.2
"2847",829.9,411.1
"2848",825.5,410.6
"2849",823.65,406.45
"2850",818.3,406.4
"2851",811.7,405.9
"2852",811.05,405.8
"2853",808.8,405
"2854",808.2,406.6
"2855",722.15,441.35
"2856",709.7,447.1
"2857",708.1,446.7
"2858",706.7,448.6
"2859",704.8,449.6
"2860",705.2,450
"2861",704.35,451.85
"2862",703.7,449
"2863",703.6,450.1
"2864",706.55,424.4
"2865",908.9,360.3
"2866",938.4,359.6
"2867",936.6,361.55
"2868",939.2,361.3
"2869",941,358.8
"2870",942.5,357.45
"2871",943.8,354.8
"2872",943.8,355.5
"2873",942.5,353.75
"2874",1060,421.1
"2875",1073.1,425.4
"2876",1072.4,424.2
"2877",1072.5,423.3
"2878",1071.6,422
"2879",1070.5,422.35
"2880",1071.7,421.8
"2881",1070.4,419.8
"2882",1068.5,420.45
"2883",1065.2,420.9
"2884",1063.4,420.2
"2885",1063.35,420.45
"2886",1064.1,418.9
"2887",1063.6,418.5
"2888",1059.8,420.25
"2889",1060.1,421
"2890",1046.3,573.8
"2891",1050.8,584.35
"2892",1049.5,584.1
"2893",1048.4,584.3
"2894",1050.05,585.1
"2895",1051.6,582.7
"2896",1049.8,587.8
"2897",1049.55,585.5
"2898",1049.4,584.8
"2899",1051.2,586.1
"2900",1052.85,585.9
"2901",1052.6,583.1
"2902",1052.6,580.8
"2903",1085.55,579.45
"2904",1086.2,576.4
"2905",1086.9,574.7
"2906",1086.6,572.05
"2907",1086.6,575.2
"2908",1080.8,573
"2909",798.9,423.8
"2910",760.1,408
"2911",757.1,406.3
"2912",758.95,407
"2913",760.1,407
"2914",755.4,405.2
"2915",755.4,403.4
"2916",757.6,405.1
"2917",753.8,402.2
"2918",754.15,404.2
"2919",754.9,405
"2920",755.9,405.7
"2921",753.35,408.7
"2922",497.1,526.5
"2923",278.9,574.1
"2924",275.45,576.9
"2925",273.1,576.4
"2926",275.2,574.6
"2927",274.95,575.35
"2928",274.4,574.9
"2929",273.5,575
"2930",270.3,576.9
"2931",269.9,576.1
"2932",271.2,573.8
"2933",264.25,572.3
"2934",260,569.1
"2935",259.5,569.2
"2936",252.8,565.15
"2937",248.9,566.2
"2938",245.3,566.6
"2939",241.65,565.3
"2940",239.1,565
"2941",230.5,560.8
"2942",224.75,560.4
"2943",222.3,559.6
"2944",220.7,559.6
"2945",305.35,415.75
"2946",314.2,386.8
"2947",310.7,384
"2948",313.85,382
"2949",313.8,377.3
"2950",314.2,384
"2951",305.3,378.65
"2952",308.3,377.5
"2953",304.6,382
"2954",295.65,377.25
"2955",293.9,379.3
"2956",296.6,384.5
"2957",300.75,384.1
"2958",296,381.3
"2959",292.9,380.7
"2960",291.2,376.8
"2961",291.2,377.4
"2962",287.7,376.3
"2963",289.7,377.3
"2964",286.1,378.9
"2965",284.7,376.7
"2966",187.15,290.05
"2967",181.2,290.2
"2968",180.9,289.9
"2969",181.65,290.1
"2970",181.7,288.1
"2971",178,285.5
"2972",176.65,284.55
"2973",175.3,285.5
"2974",176.4,289.3
"2975",179.3,289.85
"2976",182.6,293.8
"2977",183,292
"2978",181.15,285.5
"2979",181.3,284.2
"2980",211.6,275.8
"2981",430.3,215.45
"2982",441.5,213.5
"2983",444.6,214.8
"2984",443.15,215.35
"2985",444.9,215.3
"2986",441.2,211.4
"2987",435.45,206.5
"2988",432.1,203.6
"2989",426.9,205
"2990",426.4,203
"2991",424.2,203.8
"2992",471.3,162.6
"2993",468.35,157.85
"2994",463.3,156.2
"2995",462.5,154.9
"2996",462.5,151.55
"2997",462.5,154
"2998",462.4,154.1
"2999",198,365.1
"3000",180.1,378.2
"3001",176.1,374.5
"3002",176.9,372.4
"3003",174.3,372.6
"3004",175.6,375.7
"3005",170.95,378.45
"3006",169.5,379.7
"3007",172.2,377.6
"3008",171.85,379.4
"3009",172.4,379.5
"3010",176.8,377.9
"3011",179.15,378.65
"3012",182.7,379.4
"3013",215.5,437.2
"3014",258.35,534.5
"3015",262.8,537.9
"3016",264.6,536.8
"3017",265.1,536.75
"3018",263.8,536.4
"3019",263.1,537.3
"3020",261.3,538.3
"3021",261,535.8
"3022",254.2,378.9
"3023",239.65,370.95
"3024",234,369.1
"3025",236,368.7
"3026",235.4,366.8
"3027",231.9,365.7
"3028",234.6,359.1
"3029",234.2,356.25
"3030",235.5,354.2
"3031",232.4,354.1
"3032",230.8,355.2
"3033",228.4,356.5
"3034",250.6,352.9
"3035",285.65,353.1
"3036",287.7,354.8
"3037",289.3,356.3
"3038",288,352.7
"3039",287.2,353.3
"3040",286.9,352.2
"3041",282.95,349.3
"3042",282.6,350.1
"3043",280.7,351.9
"3044",281.4,350.75
"3045",286.5,352.4
"3046",285.6,351.8
"3047",285.9,351.95
"3048",286.8,355.7
"3049",284.3,358.9
"3050",283.4,360.7
"3051",282.9,361.7
"3052",279.5,360.7
"3053",275.05,355.8
"3054",271.7,355.8
"3055",272.2,355.1
"3056",272.4,356.9
"3057",273.2,360.3
"3058",277,365.3
"3059",275.1,365.25
"3060",275.5,361
"3061",279.1,361.4
"3062",579.6,396.25
"3063",1001.8,423.8
"3064",1019.3,423
"3065",1019.6,423.75
"3066",1018.1,424.2
"3067",1018.6,423.8
"3068",1016.35,424.15
"3069",1016.5,424.5
"3070",1014.2,426.4
"3071",1016.25,429.25
"3072",1017,429.6
"3073",1016.7,430.1
"3074",1016.9,430.5
"3075",1011.5,430.4
"3076",1009.2,426.9
"3077",1006.25,430.45
"3078",1006.1,429.1
"3079",1004.3,431
"3080",999.8,431.35
"3081",1003.3,433.9
"3082",1000.6,437.6
"3083",999.3,436.45
"3084",997.5,439.1
"3085",995,442.6
"3086",992.75,441.7
"3087",989.4,443.5
"3088",985.8,446.3
"3089",600.95,512.75
"3090",556.1,518.4
"3091",552.1,519.4
"3092",550.8,518.3
"3093",552.3,516.2
"3094",553.3,517
"3095",550.95,517.9
"3096",551.2,516.9
"3097",550.8,518.1
"3098",551.2,516.55
"3099",550.8,516
"3100",551.1,514.1
"3101",550.35,512.15
"3102",550.2,514
"3103",549.7,514.3
"3104",545.1,515.15
"3105",543.35,514.7
"3106",539.25,511.45
"3107",536.4,512.4
"3108",542.75,506.45
"3109",710.9,412.7
"3110",713.1,407.8
"3111",714.05,400.35
"3112",708.95,399.2
"3113",708.65,398.65
"3114",705.25,399.85
"3115",704,401.8
"3116",699.3,399.3
"3117",690.8,398.9
"3118",686.1,396.35
"3119",680.7,392.3
"3120",590.3,381.05
"3121",579.9,383
"3122",577.4,377.5
"3123",573.45,376.4
"3124",575.05,379.9
"3125",579.45,375.7
"3126",580.95,369.7
"3127",581.55,364.75
"3128",579,365.3
"3129",580.7,362.7
"3130",584.3,359
"3131",582.7,358.4
"3132",580.4,360.4
"3133",490.5,316
"3134",484.9,315.3
"3135",487.85,314.65
"3136",492.6,319.8
"3137",498.2,324.9
"3138",500.25,321.55
"3139",505.9,318.9
"3140",515.7,314.8
"3141",520.35,317.85
"3142",526.3,316.3
"3143",534.6,316.6
"3144",537.4,319.15
"3145",543.5,319.5
"3146",551.3,322.7
"3147",724.5,359.75
"3148",744.4,362.2
"3149",744.9,364.6
"3150",748.15,365.7
"3151",748.8,366.6
"3152",748.8,367.3
"3153",750.2,372.4
"3154",744,375.6
"3155",746.1,374.7
"3156",744.15,372.5
"3157",741.9,370.2
"3158",737.1,370.8
"3159",731.7,369.2
"3160",730.5,368.2
"3161",727.8,369
"3162",726.45,366.6
"3163",724.1,367.5
"3164",722,365.2
"3165",714.4,370
"3166",709,373.8
"3167",700.8,371.6
"3168",522.6,372.55
"3169",279.8,378.6
"3170",254,379.4
"3171",251.1,379.75
"3172",247.4,378.6
"3173",245.3,374.4
"3174",245,372.25
"3175",242.5,367.9
"3176",241.3,368.9
"3177",238.9,367.35
"3178",236.1,366
"3179",235.9,364.1
"3180",237.6,367.4
"3181",232.8,367.1
"3182",228.9,367.7
"3183",225.35,369
"3184",222.5,369.9
"3185",219.2,371.4
"3186",219.85,375.25
"3187",219.3,377.2
"3188",220.3,375.7
"3189",219.65,374.55
"3190",219.3,370.2
"3191",221.5,371.5
"3192",221.9,367.65
"3193",227.1,367
"3194",230.2,366.8
"3195",232.9,367.15
"3196",303.2,264.9
"3197",332.1,178.7
"3198",332.15,174.25
"3199",334.7,175.4
"3200",335.9,173.3
"3201",333.55,170.85
"3202",331.6,168.7
"3203",333.2,169.3
"3204",333.9,165.65
"3205",330.9,163.5
"3206",332.1,158.6
"3207",332.6,157.2
"3208",336.9,156.7
"3209",339.2,157.5
"3210",347,164.7
"3211",730.1,468.2
"3212",815.9,516.7
"3213",811.75,515.2
"3214",809.2,517.6
"3215",805.6,518.1
"3216",805.7,519.15
"3217",804.2,518.4
"3218",799.2,519
"3219",798.8,517.75
"3220",898.1,388.4
"3221",942.9,346.6
"3222",941.45,340.3
"3223",937.6,335.8
"3224",935.9,334
"3225",936.3,331.25
"3226",931.9,336.6
"3227",930.9,333.3
"3228",928.45,328.05
"3229",1022.8,266.3
"3230",1047.4,246
"3231",1047.1,243.25
"3232",1043.2,242.2
"3233",1042.3,244.8
"3234",1037.2,239.7
"3235",1033.8,241.3
"3236",1031.6,239.1
"3237",1026.65,235.95
"3238",1023.4,234.4
"3239",1015,228
"3240",1006,226
"3241",1000.8,223.4
"3242",995.9,219.1
"3243",990.5,219.1
"3244",986.7,216.3
"3245",980.7,215.9
"3246",976.8,220
"3247",973.7,220.4
"3248",972.3,219.4
"3249",974.45,219.7
"3250",975,221.9
"3251",1069.2,300.4
"3252",1086.2,338
"3253",1083,339.2
"3254",1083.4,332.7
"3255",1084.4,334
"3256",1076.8,333.9
"3257",1073.8,327.8
"3258",924.7,371.35
"3259",480.6,436.8
"3260",458.1,436.8
"3261",457.55,441.05
"3262",456.4,442.1
"3263",456.1,443
"3264",456.25,443.6
"3265",456.8,445.5
"3266",458.2,445.7
"3267",459,445.85
"3268",460.7,443.7
"3269",462.3,441.5
"3270",466.3,440
"3271",468.7,437.4
"3272",471.2,436.6
"3273",473.25,437.55
"3274",476.6,439.6
"3275",479.5,441.3
"3276",479.65,445.9
"3277",484,448.9
"3278",-999,-999
"3279",-999,-999
"3280",-999,-999
"3281",-999,-999
"3282",-999,-999
"3283",-999,-999
"3284",-999,-999
"3285",-999,-999
"3286",-999,-999
"3287",-999,-999
"3288",-999,-999
"3289",-999,-999
"3290",-999,-999
"3291",-999,-999
"3292",-999,-999
"3293",-999,-999
"3294",-999,-999
"3295",-999,-999
"3296",-999,-999
"3297",-999,-999
"3298",-999,-999
"3299",-999,-999
"3300",-999,-999
"3301",-999,-999
"3302",-999,-999
"3303",-999,-999
"3304",-999,-999
"3305",-999,-999
"3306",-999,-999
"3307",-999,-999
"3308",-999,-999
"3309",-999,-999
"3310",-999,-999
"3311",-999,-999
"3312",-999,-999
"3313",-999,-999
"3314",-999,-999
"3315",298.2,464.7
"3316",307.45,474.2
"3317",-999,-999
"3318",-999,-999
"3319",753.6,505
"3320",752.4,507.7
"3321",749,507.55
"3322",745.7,505.5
"3323",744.3,505.9
"3324",739.2,500.65
"3325",402,330.7
"3326",374.1,320.3
"3327",372.3,320.45
"3328",377.6,318.6
"3329",379.7,317.3
"3330",382.9,318.7
"3331",383.6,320.2
"3332",386.3,323.2
"3333",388.2,325.85
"3334",391.5,326.2
"3335",394.5,324.4
"3336",397.9,325.3
"3337",403.3,321
"3338",406.4,322.3
"3339",408.25,317.45
"3340",408.9,319.6
"3341",325.2,256.6
"3342",320.15,253.9
"3343",321.6,249.3
"3344",326,250.5
"3345",331.8,250.95
"3346",334.5,251.8
"3347",338.1,250.2
"3348",340.1,250.95
"3349",336.3,251.9
"3350",335.6,248.2
"3351",334.3,247.1
"3352",334.3,247.7
"3353",508.2,352
"3354",829.8,523.4
"3355",840.8,529
"3356",835.9,525.1
"3357",834.6,523.65
"3358",836.3,522.8
"3359",833.9,523.3
"3360",835.8,522
"3361",836.1,521.5
"3362",834.9,520.2
"3363",832.8,519.6
"3364",831.5,521.4
"3365",826.3,518.5
"3366",804.5,366.95
"3367",787.6,350.8
"3368",783.9,350.3
"3369",778.35,345.95
"3370",774.7,345.9
"3371",769.8,342
"3372",759.75,339.45
"3373",751.4,332.4
"3374",745.2,333.5
"3375",741.55,324.65
"3376",742.2,322.6
"3377",731.7,324.4
"3378",727.95,320.2
"3379",549.5,296.2
"3380",518.3,292.2
"3381",516,294.05
"3382",512.7,294.3
"3383",508.7,296
"3384",504.3,296.35
"3385",502.6,299
"3386",501.1,300.2
"3387",497.85,300.9
"3388",493.1,299.8
"3389",491.6,296.8
"3390",490.95,298.75
"3391",488.7,301.6
"3392",490.2,301.9
"3393",487.75,303.3
"3394",482,305.1
"3395",479.8,303.9
"3396",482.8,306.1
"3397",478,304.3
"3398",476.6,305.7
"3399",402.45,437.6
"3400",401.2,445.6
"3401",400.2,445.6
"3402",407.8,444
"3403",414.9,438
"3404",424.2,435.1
"3405",439.6,428.75
"3406",446.3,422.1
"3407",458.1,417.8
"3408",468.7,417.85
"3409",469.7,418.6
"3410",476.1,417.4
"3411",482.55,417.5
"3412",486.4,416.9
"3413",488.9,417.5
"3414",497,416.55
"3415",499.4,417.9
"3416",501.6,416.5
"3417",500.5,418.2
"3418",503.4,418.5
"3419",503.6,421.9
"3420",499.8,421.25
"3421",501,419.5
"3422",501.9,418.7
"3423",500,414.3
"3424",496,414.8
"3425",492,416.7
"3426",487.7,415.5
"3427",485.3,419.3
"3428",480.6,421
"3429",474.4,420.35
"3430",470.8,418.9
"3431",509.7,407.9
"3432",642.65,371.15
"3433",640.6,368.7
"3434",633.7,367.2
"3435",624.8,363.45
"3436",619.2,364.2
"3437",611.5,361.8
"3438",603.45,359
"3439",597,359.2
"3440",590.5,359.1
"3441",582.55,358.15
"3442",559.7,360.9
"3443",445.9,378.7
"3444",436.25,381.3
"3445",433.6,381.6
"3446",433.3,379.7
"3447",429.35,382.2
"3448",431.7,387.5
"3449",437.4,388.6
"3450",436.05,388.05
"3451",433.4,391.8
"3452",434.3,389.8
"3453",434.95,387.45
"3454",434.5,387.4
"3455",433.6,386.5
"3456",435.45,384.1
"3457",433.6,387.1
"3458",436.1,381
"3459",439.9,379.65
"3460",441.5,376.1
"3461",442.4,373.2
"3462",442.1,374.35
"3463",445.4,378.3
"3464",451.8,378.1
"3465",457.4,375.45
"3466",462.5,378.1
"3467",472.5,380.3
"3468",480.75,378.95
"3469",487.8,375.4
"3470",495.3,370.4
"3471",499.85,369.2
"3472",509.2,367.9
"3473",743.35,360.2
"3474",765.2,358.8
"3475",772,363.3
"3476",776.8,362.15
"3477",780.1,367.1
"3478",779.7,370.9
"3479",781.1,372.9
"3480",783,375.9
"3481",783.8,377.3
"3482",782.65,377.2
"3483",786.8,378.3
"3484",782.7,370.6
"3485",780.6,369.2
"3486",780,369.45
"3487",779.5,371.2
"3488",777.8,372.6
"3489",771.95,369.8
"3490",769.3,371.6
"3491",769.8,372.4
"3492",760.9,371.1
"3493",761.5,371.6
"3494",750.4,369.65
"3495",745.8,371.7
"3496",740.4,372.1
"3497",729.95,370.55
"3498",718.6,368.7
"3499",711.3,370.4
"3500",701.8,367.85
"3501",685.4,368.5
"3502",680,368.3
"3503",674.9,361.2
"3504",544,414.5
"3505",346.6,460.6
"3506",325,462.4
"3507",322.2,465
"3508",320.6,461.7
"3509",320.4,462.95
"3510",354.8,440.5
"3511",636.9,251
"3512",642,236.3
"3513",641.2,231.4
"3514",641.7,232.1
"3515",640.45,231.85
"3516",640.4,232.2
"3517",638.8,229.8
"3518",637.45,228.4
"3519",635.3,227.7
"3520",634.7,227.1
"3521",634.05,228.6
"3522",633.8,225.7
"3523",633.4,226.8
"3524",633.6,229
"3525",633.9,228.6
"3526",565.1,293
"3527",357.15,491.55
"3528",349.6,500.1
"3529",353.8,496.2
"3530",356.45,496.15
"3531",359.1,494.1
"3532",361.9,494.2
"3533",363.05,495.15
"3534",363.9,494.5
"3535",365.6,493.2
"3536",362.7,491.45
"3537",242.6,482
"3538",228.8,481.95
"3539",229.7,481.2
"3540",227,478.4
"3541",231.6,476.3
"3542",231.7,474.05
"3543",235.3,470.4
"3544",237.1,470.6
"3545",239.9,474.9
"3546",240.5,473.7
"3547",329.3,464.9
"3548",337.9,464.35
"3549",339.1,464.8
"3550",342.9,461.7
"3551",345.45,462.15
"3552",344.7,459.6
"3553",347.2,457.7
"3554",353,456.9
"3555",356.3,453.8
"3556",435.7,459
"3557",444,456.1
"3558",439.5,459.2
"3559",440.2,462.5
"3560",432.1,459.4
"3561",435,455.4
"3562",433.7,455.6
"3563",427.25,454.55
"3564",423,451.8
"3565",420.2,450.9
"3566",402.05,469.65
"3567",358.4,541.2
"3568",353,537.6
"3569",350.85,535.1
"3570",349.5,531.4
"3571",342.3,523.1
"3572",338.1,517.05
"3573",338.1,520.6
"3574",336.3,520.1
"3575",336.9,515.15
"3576",336.7,522.1
"3577",333.7,519.5
"3578",336.15,521.5
"3579",336.8,524.2
"3580",336.8,523.4
"3581",336.6,519.2
"3582",333.3,517.2
"3583",326.7,515.6
"3584",321.15,512.75
"3585",316.8,508.5
"3586",317.3,508.2
"3587",317.8,511.05
"3588",384.8,524.2
"3589",858.9,607.2
"3590",869.2,611.4
"3591",872.1,609.5
"3592",867.9,613.2
"3593",864.35,620.15
"3594",859.4,614.3
"3595",858.4,616.4
"3596",852.5,617.6
"3597",851.7,618.2
"3598",849.8,618.75
"3599",848.3,617.9
"3600",691.9,466.1
